3198
4034
4663
4018
4029
7564
4866
2133
7528
1466
4035
3321
4988
6786
4199
5012
7588
2216
3164
1479
7553
4137
6819
6938
5859
4039
5927
8155
4217
5892
6813
6790
5850
4068
7543
4046
2505
2449
5045
5846
8129
6801
6783
4983
5937
7547
6828
1992
1339
6797
4881
7526
6770
5848
6806
4040
6945
7561
5844
6151
2197
6904
1689
7090
6943
5001
4098
6820
5849
5022
3199
1234
5955
5000
2309
5872
8144
5185
1426
3294
7596
4037
7571
5890
6794
1535
4985
8112
6803
7525
5967
3969
6130
7611
4950
8151
1264
5906
7839
2320
LAR
167
7610
3214
8138
4984
BUF
2374
5916
8135
TB
96
8146
SF
1352
3225
8168
BAL
7606
8205
1825
5987
6886
7600
4993
6126
421
NE
8137
947
4227
6955
5086
7567
6083
8132
5347
8119
8153
5095
7607
6826
8154
4033
DAL
6805
2319
LAC
4131
2028
17
4602
1166
7591
8136
IND
6768
2306
4197
5038
8148
7608
GB
7523
7601
24
8121
4951
559
7042
8139
7527
4149
6843
3271
2431
8248
PHI
4973
956
4666
1817
5284
NO
650
4017
3242
1067
1433
5110
DEN
8126
