4034
9509
3321
6786
6794
7547
4866
7564
5859
5872
11628
9221
8146
6813
3198
7543
8112
8150
8136
5850
1466
8205
8144
6803
4018
6904
2133
4046
4984
11632
2216
8155
7526
4881
4039
8151
7525
5012
4199
4137
8138
4983
6790
9997
5846
7528
4217
8137
4035
7611
6801
5967
10236
5892
7553
2309
5927
11620
8139
2449
6770
9229
4066
3294
5849
11624
11604
4950
4981
10222
11635
6804
10229
8154
7588
6845
9756
4988
4037
8110
4663
11586
1479
6819
8228
5248
5848
5937
11583
11637
11631
8167
2749
8148
4033
8143
5844
3164
6130
5022
8183
9488
9224
9508
5045
7594
8134
7600
11589
2374
7670
9225
8121
7021
9493
1426
4082
8130
9753
11560
11625
8132
6768
5947
9226
3163
6806
11626
10859
11566
6797
6826
SF
6943
1264
7523
6783
5001
4892
4227
11575
4068
NYJ
11533
9481
2197
8131
4195
8230
4381
7839
11643
8259
7569
4666
11596
4147
BAL
5133
DAL
11619
9758
11584
11581
KC
7042
3451
CLE
8676
9502
PHI
11563
6945
11645
PIT
10937
11627
11638
8111
11647
11576
11650
DET
11597
11439
11565
MIA
TB
1689
8119
11559
7561
