6794
4663
7564
1466
9509
4039
4034
3321
4988
3198
4866
2449
7528
2133
4046
8146
5850
8144
4984
6786
5859
7543
9221
4018
6813
6770
2309
6801
5846
7611
4981
4199
5872
7547
1479
8129
6797
4881
5012
6806
1426
8155
6151
7591
5987
4217
4983
7526
2505
4137
96
7588
5844
5022
7523
7553
6904
5927
4066
8137
4950
6803
6938
8167
4037
2374
6783
4035
4029
8205
5937
6790
4017
8112
6943
6768
4068
7525
8119
1166
8136
2216
5967
8138
6819
6828
5892
7600
9997
9756
5848
9753
5045
4040
9488
2197
8135
9754
3164
2749
3199
6945
4985
8154
2078
SF
1264
8228
8121
PHI
7839
7608
10236
4033
DAL
8151
NO
NYJ
9497
7561
BUF
5870
1373
3225
5001
7606
8168
BAL
4147
7596
5185
9481
7002
9229
10859
7571
3294
9225
9226
8132
2161
6826
8210
8148
1234
9757
5095
4666
1689
4227
7042
4195
NE
10229
3271
PIT
5890
7569
9505
7090
11088
11082
9228
8183
6853
4149
9508
2747
10225
MIA
5947
9758
WAS
4111
4098
9220
1433
3163
7045
7551
6845
8225
SEA
6130
9502
GB
9494
503
DEN
10235
5119
8172
