4034
4029
3321
4035
3164
2133
4988
4866
4199
6820
3198
7528
4663
1466
6945
4018
1426
4217
5859
2505
1479
4273
5850
5892
4981
6151
4046
5927
6786
2216
947
4098
6790
4037
1992
1352
7553
2309
4039
4983
6813
2374
1689
5248
5916
2431
5980
4131
5000
2078
5022
5846
5849
7588
5012
5937
2449
2749
6801
1234
6803
5890
4040
96
5844
7564
6886
2320
3294
167
1264
4602
6783
5052
5045
5872
4951
7525
3423
7593
3225
6797
3969
7526
1049
1825
2197
2251
6814
TB
4137
536
4144
6794
3242
6845
515
3271
6955
6828
4068
3199
2391
6798
4036
4984
4993
5347
5848
6819
6126
5857
5026
LAR
WAS
6904
BUF
4881
7607
BAL
4227
4666
7523
7042
PIT
4149
1535
4962
6770
3157
4892
7594
7611
7610
1476
2747
6130
KC
5967
421
4082
SF
59
7591
367
4017
5119
IND
ARI
7090
5170
7547
1945
7567
7062
5917
5038
928
6938
3214
