7564
6794
6786
11628
7547
9509
8155
4034
9221
8146
9493
11632
3321
5859
8144
6813
10859
4046
7543
8112
4984
9758
7569
4866
4881
8150
7526
11620
8205
9226
7525
8130
5850
6803
10236
5846
8136
3198
8151
4983
8138
6819
9502
6801
11624
11560
6904
9997
11583
7553
8137
10229
1466
11604
5872
5012
4018
6790
2449
11631
11637
11635
9488
9756
2133
7611
10222
6770
5927
11589
9229
11566
4039
5892
2216
2309
9224
8110
8139
4981
5967
8167
9508
5849
4199
4035
4950
11625
8148
7588
4037
7528
11586
11638
11626
8228
8121
4137
4217
5937
11643
8154
8119
11619
1479
5844
6845
4033
9757
11627
11581
5045
6130
6783
5248
5848
11618
8143
8134
4663
11576
8131
8132
9753
4988
11439
7021
6943
11630
9511
6826
11596
11640
4066
11617
5947
6804
7594
11647
7600
9500
7670
7090
9754
2749
1426
11650
11584
9486
8676
11655
6797
4068
8230
8183
4082
11575
11610
11577
10235
11579
7523
9481
8126
11559
7571
3294
6768
6806
11564
11629
11621
11645
8129
10226
4381
9225
11565
5022
11574
11562
10232
9999
9494
8408
11651
8204
2374
10225
9501
7608
11570
11563
11623
7601
7567
5001
11616
3163
6945
9998
5987
9228
11597
7596
8147
3164
11598
7591
96
11600
11595
6820
8116
11729
9497
7587
8111
11636
9484
