3164
4035
6820
4018
3199
4866
2133
947
4034
4029
3242
3321
1426
3198
2216
4273
1466
2391
2315
5850
1689
1352
4037
4981
6813
4131
1992
2078
4983
1479
4039
4040
956
1339
5012
2320
2309
6938
1408
2374
6130
3969
5848
6151
5045
2749
2449
4663
5892
830
5987
1110
2505
6790
3157
2197
6945
6806
3225
5052
3294
4017
2319
5872
515
4973
289
4984
4066
5038
5857
6845
5170
3306
147
4881
4152
344
6786
3271
24
4217
3214
6789
4157
1848
5937
1067
1825
3200
5000
4199
4455
538
5917
421
4046
6007
1476
2378
167
PIT
6783
4950
5068
1234
4962
6828
2410
954
5916
2168
4988
6794
6798
SF
367
BAL
5013
6149
NE
1264
5849
2238
5131
BUF
4227
6803
3678
6148
6870
PHI
5967
6770
5185
6819
1266
1817
1502
3202
49
4571
4666
CHI
4993
4137
4098
KC
4144
NO
5927
5859
5890
IND
4233
391
96
5844
5846
4951
