4034
3198
4029
4035
3164
4199
4988
4866
1466
2133
3321
7528
4018
4981
2505
4217
1426
6820
1479
6813
5850
2216
4037
4273
5892
4046
1992
6151
2309
1352
5890
4983
4984
2449
4663
947
4039
1689
7553
5012
5937
2374
5916
6803
5980
3199
6790
3423
7588
6945
4881
2749
7593
3294
7564
96
5045
2078
5000
421
2320
6783
5052
7525
4131
7607
5872
6786
536
4040
7526
4036
3225
4137
6828
2197
3242
167
3969
6989
7596
5857
5022
4144
3157
6814
4602
4149
5038
2251
5170
6938
4951
6819
1825
6845
5947
2391
1234
7523
6794
4082
TB
WAS
6130
LAR
5848
4068
5967
PIT
6789
7610
BAL
4962
7090
5849
6870
7594
SF
7611
DEN
1264
4666
4227
5110
7543
BUF
5987
LAC
7547
7591
1266
3271
6806
7042
4098
7571
515
2325
4993
7062
1476
5844
5927
5119
7601
7565
5846
5859
391
6955
6797
4017
2747
5248
IND
6801
6886
2431
5917
