4034
4663
3198
4029
4018
7528
4035
6813
4866
1466
4199
2133
5012
4988
5872
4137
6819
3321
3164
2216
5859
4984
1479
7553
5927
4046
2449
4983
4039
5045
6938
4217
4068
7588
6790
5892
1992
8155
6828
6797
5850
8129
2505
2197
4881
5846
5937
6945
7561
7564
7090
4037
4040
5022
5001
5849
5890
6783
6786
7547
7526
3199
3969
5000
6820
5967
7571
1234
4098
6151
4985
8112
6130
2309
1426
8144
5185
1689
1535
6803
8138
7525
2320
5848
2374
4950
7596
5987
8168
7606
8151
96
6794
5916
8135
BUF
8205
8137
1352
5347
8146
5906
5086
947
1264
8154
7610
7611
8121
8119
8148
7601
6826
6955
3214
4951
7543
TB
7839
8136
SF
8153
7600
5038
7607
6806
167
3225
7608
2749
8132
5947
1166
IND
DEN
5844
LAR
7042
BAL
6083
4033
3294
421
4227
6886
2078
5095
NO
6801
8139
6904
17
4149
5248
1433
5955
745
6770
6943
1339
