4034
6794
4663
1466
9509
4866
4988
3198
3321
2133
4039
5859
2449
6786
7528
4018
7526
6801
5012
4984
5846
4046
9221
5872
1479
4881
6770
4199
8155
5987
5844
6813
8129
2505
4217
7564
6806
7591
6151
5850
6938
4137
4983
5927
8112
6790
5022
7547
1426
5937
7553
5892
7588
4068
6803
6797
6783
5967
8138
8137
2309
4035
8205
9488
9756
8144
8119
4950
4037
9997
9753
4029
4066
2216
2374
7608
4017
6828
7525
7600
7561
9754
6819
8135
8151
8154
6943
8146
4033
6945
7596
4985
4147
5848
2197
9225
7611
10236
5045
9226
3199
8228
9229
7606
8168
1264
7543
7571
4149
8136
5870
PHI
2749
5185
10229
SF
96
NO
9497
WAS
6845
DAL
7839
NYJ
4227
BUF
4040
BAL
6826
8121
9481
2078
10225
8132
2161
8148
7090
5849
3294
5095
7569
7042
6723
4666
6904
10859
4195
5119
6768
9494
8160
1433
9228
7523
3271
167
3225
8167
4981
1373
