4034
9509
3321
6794
4866
7564
5859
9221
11628
6786
3198
8155
2133
7543
5850
4018
5872
10859
8138
6803
4983
8136
11632
4984
1466
4137
6904
8130
6813
7526
4199
4046
8112
4039
4881
7547
5846
6790
2449
9229
6819
5012
6801
10236
9502
9997
2309
5892
7553
9758
8137
11624
10229
8205
8144
5927
11620
4950
4035
7588
11631
7525
8139
5967
7528
2374
4988
5849
4037
2216
11583
11635
8151
6845
8228
8146
8134
11637
5937
8167
9224
6770
9226
7611
1479
8154
4217
11604
6130
8143
9508
8148
9488
5045
4066
11560
11589
8110
11586
4663
11566
7021
3294
8183
2749
9756
5248
1426
5848
5022
3164
6806
9753
6783
1264
3163
5001
4227
7670
11625
11533
11640
11626
11643
NYJ
BAL
8132
5844
4082
11581
7839
4195
11439
8230
4033
6826
DAL
7569
SF
9511
9493
4981
PIT
3451
11655
11638
10937
4666
8119
11619
10222
PHI
9757
MIA
96
7042
6804
676
5095
8150
